Some((
    red: 0.19607843,
    green: 0.1882353,
    blue: 0.18431373,
))