Some((
    red: 0.8666667,
    green: 0.78039217,
    blue: 0.6313726,
))