Some((
    red: 0.5372549,
    green: 0.7058824,
    blue: 0.50980395,
))