Some((
    red: 0.5832819,
    green: 0.7745678,
    blue: 0.97905946,
))