Some((
    red: 0.52595174,
    green: 0.7488178,
    blue: 0.98706985,
))