Some((
    red: 0.5372549,
    green: 0.86274517,
    blue: 0.92156863,
))