Some((
    red: 0.10813416,
    green: 0.10912686,
    blue: 0.13793015,
    alpha: 1.0,
))