Some((
    red: 0.59626377,
    green: 0.74429363,
    blue: 1.0,
))