Some((
    red: 0.83362985,
    green: 0.87163144,
    blue: 0.9677611,
))