Some((
    red: 0.90588236,
    green: 0.54117644,
    blue: 0.30588233,
))